22 552 383
22 356 287
103 651 127
28 558 279
44 648 383
16 531 283
136 559 375
868 555 371
17 537 260
881 630 383
892 393 287
890 542 285
3 634 278
16 556 258
18 537 378
22 629 279
7 543 535
870 624 648
813 632 301
99 608 376
31 633 274
910 516 257
23 651 298
31 635 378
126 559 260
26 532 368
5 532 299
18 539 534
118 516 354
907 648 395
905 627 303
881 629 373
906 648 354
911 530 396
881 514 371
5 538 354
46 517 274
122 518 397
908 530 626
2 512 258
882 628 383
905 638 286
141 610 298
27 528 259
810 559 300
101 514 260
18 528 377
1 615 383
16 654 263
868 612 376
22 608 260
885 626 256
29 558 359
3 638 383
30 612 258
44 552 256
28 512 372
138 535 368
22 652 354
21 634 372
23 636 303
870 629 371
40 532 397
118 608 284
43 538 376
894 535 381
41 608 356
30 608 379
2 639 303
42 611 374
30 629 286
117 651 370
102 532 395
44 639 396
21 652 298
909 629 301
103 558 272
3 516 284
18 528 261
7 512 392
3 532 352
774 638 301
796 610 284
126 553 371
29 653 353
2 554 379
19 552 283
810 608 536
788 612 397
884 630 261
29 538 279
125 636 299
97 532 374
141 624 383
893 652 376
905 627 375
6 614 371
865 558 375
121 532 531
102 530 399
